0 125 "Estado de México" POP2019
561776 114849        0.163595956
561776 307871        0.182327489
561776 179373        0.183559663
561776 624672        0.142647238
561776 582568        0.102147592
561776 23192        0.130384322
561776 936758       0.0953776828
561776 454124        0.132191388
561776 725563        0.106214163
561776 12518        0.166667219
74222 13320        0.153288705
74222 83388        0.100601186
74222 6089        0.163999588
74222 35463        0.105342066
74222 40366       0.0735803447
74222 85193        0.136297013
74222 12454        0.125814182
74222 13570        0.132186784
74222 13421        0.182384395
74222 14267        0.183358816
74222 32472        0.170998821
74222 172037        0.109653457
74222 52158        0.187731599
74222 284436        0.140462187
14267 13320       0.0333394221
14267 83388         0.15865368
14267 6089        0.111874746
14267 968777         0.12011439
14267 74222        0.183358816
14267 40366        0.122585853
14267 85193       0.0708495733
14267 12454       0.0904319404
14267 13570        0.105185035
14267 13421       0.0366661173
14267 32472       0.0528756905
14267 10232       0.0739722547
14267 58383       0.0754445709
14267 93357         0.13739771
14267 15530        0.159092806
14267 172037        0.172271593
41126 32716       0.0908084025
41126 31764        0.167486689
41126 4865        0.153345361
41126 27679        0.187104631
41126 200679        0.182827997
41126 10257        0.157740015
41126 63566        0.135702228
41126 30173        0.113415754
41126 30831         0.10839443
12323 72807         0.13297672
12323 150698        0.171700576
419935 27949        0.188087842
419935 754833        0.139871851
419935 13484         0.10263582
419935 199228        0.147904351
419935 321017       0.0846823861
419935 13297        0.108706008
419935 1219863         0.16400956
419935 553673        0.181818212
419935 388603        0.118840217
419935 12625        0.147232155
32576 54157        0.138951537
32576 33469       0.0930906067
32576 11275       0.0906721144
32576 21397       0.0337364039
32576 27949        0.118624081
32576 11863        0.102751625
32576 13297        0.182859956
32576 12625        0.143266364
307871 29432        0.113230246
307871 48582        0.107331978
307871 480181        0.140561752
307871 12947       0.0708776834
307871 93404       0.0557533518
307871 65988       0.0889912959
307871 64647        0.151002531
307871 179373       0.0998321884
307871 624672        0.042892941
307871 582568         0.12603896
307871 201428        0.185355896
307871 47172        0.173489518
307871 1839112       0.0797849329
307871 72911        0.161900957
307871 725563        0.107563401
307871 561776        0.182327489
307871 200679        0.182686748
11275 54157        0.158145965
11275 33469        0.066056256
11275 21397        0.112718614
11275 32576       0.0906721144
11275 11863        0.175422577
201428 146578        0.183706205
201428 29432       0.0724396214
201428 48582       0.0792128857
201428 480181        0.133951517
201428 12947        0.127986251
201428 307871        0.185355896
201428 93404        0.138331607
201428 65988        0.117054647
201428 64647        0.107170979
201428 43460        0.151595668
201428 179373        0.133643385
201428 39725        0.123189283
201428 46499        0.149853409
21397 54157        0.169611284
21397 33469        0.126009876
21397 11275        0.112718614
21397 32576       0.0337364039
21397 27949        0.104602006
21397 11863        0.117036166
21397 13297        0.183967227
21397 12625        0.144607302
28973 17521         0.17739145
28973 16968        0.157015964
18407 39667        0.145805668
18407 14140       0.0856529134
18407 30102        0.106659849
18407 108797        0.167586922
35030 53623        0.127349949
35030 17795        0.181400795
35030 9332        0.122545423
72238 169226        0.128667838
72238 150698        0.171319906
72238 9332        0.183726661
72238 116881       0.0952868322
16968 17521        0.128979831
16968 39667        0.176846234
16968 28973        0.157015964
16968 20347         0.12892404
16968 42990        0.132476894
553673 754833        0.183503229
553673 13484         0.14145714
553673 199228        0.117205186
553673 321017         0.16862827
553673 52867        0.141937138
553673 13297        0.186124721
553673 281425        0.137746792
553673 419935        0.181818212
553673 388603        0.103573544
52158 74222        0.187731599
52158 85193        0.183837242
52158 23192          0.1035771
52158 172037       0.0921567733
52158 109088        0.143158098
52158 94896       0.0612391461
52158 284436        0.138931859
52158 936758        0.178323584
52158 12518        0.120409876
42990 39667        0.143817804
42990 20347        0.141203698
42990 16968        0.132476894
42990 6059        0.114011808
480181 29432        0.107570703
480181 48582       0.0912569587
480181 12947       0.0757584679
480181 307871        0.140561752
480181 93404        0.135758463
480181 65988        0.147089423
480181 179373        0.172964514
480181 624672        0.177628052
480181 201428        0.133951517
480181 47172        0.122062846
480181 31764        0.167844553
480181 1839112        0.144631838
480181 27679        0.174452634
480181 72911        0.162246691
480181 200679       0.0981565547
480181 41937         0.15476022
480181 63566        0.117471558
480181 30173        0.154940837
12625 54157        0.155899376
12625 21397        0.144607302
12625 32576        0.143266364
12625 27949       0.0672338005
12625 11863        0.060346418
12625 13484       0.0752391014
12625 52867        0.149576971
12625 13297       0.0397069544
12625 419935        0.147232155
12625 388603        0.108974115
102347 13808       0.0889263775
102347 17795        0.172698651
41937 480181         0.15476022
41937 10257        0.164120798
41937 63566        0.133209412
41937 30173          0.1107204
41937 30831        0.169323224
388603 54157        0.172683344
388603 27949        0.175619627
388603 11863        0.130211826
388603 13484       0.0387335601
388603 199228        0.159443151
388603 321017        0.157407566
388603 52867        0.109274917
388603 13297       0.0830360364
388603 553673        0.103573544
388603 419935        0.118840217
388603 12625        0.108974115
6059 93357        0.122253344
6059 39667        0.123641702
6059 42990        0.114011808
6059 108797        0.118732578
30102 15530        0.187875537
30102 14140         0.18243538
30102 18407        0.106659849
30102 108797        0.119279373
30102 39215        0.155469243
284436 74222        0.140462187
284436 23192        0.133069819
284436 172037        0.140568774
284436 52158        0.138931859
284436 936758       0.0998625317
27679 480181        0.174452634
27679 32716        0.131652249
27679 47172        0.053446451
27679 31764       0.0210954232
27679 1839112        0.147442638
27679 4865        0.039003062
27679 72911       0.0663293704
27679 200679       0.0808834639
27679 63566        0.132618126
27679 30173         0.17575586
27679 41126        0.187104631
27679 754833        0.148838478
27679 199228        0.151198264
27679 1219863        0.183718902
27679 281425         0.10917462
29432 146578        0.186092445
29432 48582       0.0168691638
29432 480181        0.107570703
29432 12947       0.0645793925
29432 307871        0.113230246
29432 93404       0.0668819733
29432 65988       0.0532500694
29432 64647       0.0826625384
29432 43460        0.142795783
29432 179373       0.0768419254
29432 624672        0.125833699
29432 582568        0.160199002
29432 201428       0.0724396214
29432 39725        0.176670468
29432 1839112        0.172116044
7428 10294       0.0807814187
7428 39761        0.110150002
7428 75271         0.17507198
7428 5428         0.15494595
7487 37899        0.109020397
7487 20347        0.105640934
48582 29432       0.0168691638
48582 480181       0.0912569587
48582 12947       0.0507520765
48582 307871        0.107331978
48582 93404       0.0678232484
48582 65988       0.0624136758
48582 64647       0.0990631953
48582 43460         0.15942114
48582 179373       0.0876683276
48582 624672        0.125569173
48582 582568        0.168516203
48582 201428       0.0792128857
48582 1839112          0.1602453
48582 200679        0.182121625
28359 84351         0.17905038
28359 35824        0.158807525
37899 7487        0.109020397
37899 20347        0.152936394
37899 27307        0.169767369
37899 75271        0.158139172
116881 17795        0.154296461
116881 70404        0.165103533
116881 72238       0.0952868322
9332 83174         0.15739825
9332 53623        0.164860113
9332 17795        0.170838613
9332 35030        0.122545423
9332 72238        0.183726661
35824 28359        0.158807525
72911 480181        0.162246691
72911 12947        0.166927589
72911 307871        0.161900957
72911 47172       0.0599540593
72911 31764       0.0829833022
72911 1839112       0.0855689653
72911 4865        0.105269198
72911 27679       0.0663293704
72911 200679       0.0979342611
72911 63566        0.167971735
72911 754833         0.13001702
72911 199228        0.162816719
72911 321017        0.185003852
72911 1219863        0.136971452
72911 281425        0.153342802
46499 201428        0.149853409
46499 39725        0.130623171
46499 31960        0.124113188
27949 21397        0.104602006
27949 32576        0.118624081
27949 11863       0.0929422267
27949 13484        0.139932515
27949 13297       0.0974770353
27949 419935        0.188087842
27949 388603        0.175619627
27949 12625       0.0672338005
116427 57242         0.15566243
116427 179840        0.166956603
211719 968777        0.154274859
211719 58383        0.162347654
63566 480181        0.117471558
63566 12947         0.18774657
63566 32716        0.157114099
63566 47172        0.108084301
63566 31764        0.114055475
63566 4865         0.12708322
63566 27679        0.132618126
63566 72911        0.167971735
63566 200679        0.071978083
63566 41937        0.133209412
63566 30173       0.0509842119
63566 30831        0.167932111
63566 41126        0.135702228
5428 10294       0.0741685478
5428 7428         0.15494595
5428 30147        0.188738417
5428 4612       0.0785897777
30831 10257       0.0494364798
30831 41937        0.169323224
30831 63566        0.167932111
30831 30173        0.119047001
30831 41126         0.10839443
4865 32716       0.0926507165
4865 47172       0.0823487251
4865 31764       0.0291465842
4865 1839112        0.185800683
4865 27679        0.039003062
4865 72911        0.105269198
4865 200679       0.0964588208
4865 63566         0.12708322
4865 30173        0.161935871
4865 41126        0.153345361
4865 754833        0.169134462
4865 199228        0.154847249
4865 281425       0.0932216858
936758 23192        0.103834693
936758 52158        0.178323584
936758 284436       0.0998625317
936758 454124        0.182919116
936758 725563         0.14180038
936758 561776       0.0953776828
936758 12518        0.169480199
12518 23192        0.069402999
12518 109088         0.17627997
12518 94896        0.135231899
12518 52158        0.120409876
12518 936758        0.169480199
12518 454124        0.085832479
12518 561776        0.166667219
12518 53623        0.171104036
179373 114849         0.14771964
179373 146578        0.149087299
179373 29432       0.0768419254
179373 48582       0.0876683276
179373 480181        0.172964514
179373 12947        0.104478626
179373 307871       0.0998321884
179373 93404       0.0491925695
179373 65988       0.0259484218
179373 64647       0.0547003214
179373 43460        0.103076971
179373 624672       0.0832134217
179373 582568       0.0848925693
179373 201428        0.133643385
179373 1839112        0.178472592
179373 725563        0.165807654
179373 561776        0.183559663
725563 12947        0.178438482
725563 307871        0.107563401
725563 93404          0.1455987
725563 65988        0.170870767
725563 179373        0.165807654
725563 624672       0.0870872546
725563 582568        0.124624135
725563 936758         0.14180038
725563 1839112        0.130440392
725563 561776        0.106214163
85193 13320       0.0629537934
85193 83388        0.153279314
85193 6089         0.14384232
85193 968777        0.127856317
85193 74222        0.136297013
85193 40366        0.100852622
85193 12454        0.102530575
85193 13570        0.121146446
85193 13421       0.0508131468
85193 14267       0.0708495733
85193 32472        0.100483671
85193 10232        0.132423474
85193 58383        0.144570509
85193 172037        0.101672851
85193 94896        0.182299877
85193 52158        0.183837242
39761 57242       0.0851361317
39761 10294        0.178660624
39761 7428        0.110150002
39761 75271        0.152269856
1839112 29432        0.172116044
1839112 48582          0.1602453
1839112 480181        0.144631838
1839112 12947        0.110093778
1839112 307871       0.0797849329
1839112 93404        0.131109645
1839112 65988        0.163991235
1839112 179373        0.178472592
1839112 624672        0.115212633
1839112 47172        0.114375836
1839112 31764        0.159339469
1839112 4865        0.185800683
1839112 27679        0.147442638
1839112 72911       0.0855689653
1839112 725563        0.130440392
1839112 200679        0.137604124
1839112 754833        0.183608582
1839112 1219863        0.151599235
11863 54157       0.0997943163
11863 33469         0.13616822
11863 11275        0.175422577
11863 21397        0.117036166
11863 32576        0.102751625
11863 27949       0.0929422267
11863 13484        0.110273848
11863 52867         0.11949944
11863 13297       0.0934034458
11863 388603        0.130211826
11863 12625        0.060346418
108797 6089        0.174325392
108797 10232        0.171871359
108797 93357        0.129415062
108797 15530        0.114481667
108797 39667        0.168293607
108797 18407        0.167586922
108797 6059        0.118732578
108797 30102        0.119279373
108797 39215        0.177885507
43460 114849        0.106063051
43460 146578       0.0462951452
43460 29432        0.142795783
43460 48582         0.15942114
43460 93404        0.150888806
43460 65988        0.119639854
43460 64647       0.0607436154
43460 179373        0.103076971
43460 624672        0.180937709
43460 582568        0.135482452
43460 201428        0.151595668
43460 39725        0.135726186
12947 29432       0.0645793925
12947 48582       0.0507520765
12947 480181       0.0757584679
12947 307871       0.0708776834
12947 93404       0.0613386388
12947 65988       0.0801677276
12947 64647        0.136093806
12947 179373        0.104478626
12947 624672        0.103198005
12947 582568        0.169084144
12947 201428        0.127986251
12947 47172        0.152731896
12947 1839112        0.110093778
12947 72911        0.166927589
12947 725563        0.178438482
12947 200679        0.146600388
12947 63566         0.18774657
14140 17521        0.186946496
14140 39667       0.0878064886
14140 18407       0.0856529134
14140 30102         0.18243538
70404 72807        0.173350878
70404 52847        0.147753879
70404 17795        0.171539224
70404 116881        0.165103533
39215 83388        0.157184965
39215 6089        0.163099245
39215 35463        0.160372291
39215 13570        0.177414471
39215 15530        0.131689494
39215 30102        0.155469243
39215 108797        0.177885507
30173 480181        0.154940837
30173 32716        0.164403841
30173 47172        0.157914971
30173 31764        0.155575553
30173 4865        0.161935871
30173 27679         0.17575586
30173 200679        0.122805175
30173 10257        0.147694244
30173 41937          0.1107204
30173 63566       0.0509842119
30173 30831        0.119047001
30173 41126        0.113415754
27307 37899        0.169767369
27307 75271        0.152284011
30147 5428        0.188738417
454124 114849        0.131787412
454124 582568        0.169124819
454124 23192        0.118933052
454124 936758        0.182919116
454124 561776        0.132191388
454124 12518        0.085832479
454124 53623        0.129409818
75271 37899        0.158139172
75271 10294        0.177873014
75271 39761        0.152269856
75271 27307        0.152284011
75271 7428         0.17507198
75271 4612        0.177970337
13570 13320        0.075285616
13570 83388       0.0598128793
13570 6089       0.0325695474
13570 74222        0.132186784
13570 35463        0.132759869
13570 40366       0.0598898388
13570 85193        0.121146446
13570 12454       0.0186208533
13570 13421        0.130931994
13570 14267        0.105185035
13570 32472       0.0602626842
13570 10232        0.077790316
13570 58383        0.151544593
13570 93357        0.157550754
13570 15530       0.0939730053
13570 39215        0.177414471
13570 172037        0.187076237
83174 109088        0.108442205
83174 94896        0.177247548
83174 169226        0.165450018
83174 9332         0.15739825
20347 37899        0.152936394
20347 7487        0.105640934
20347 16968         0.12892404
20347 42990        0.141203698
65988 114849        0.173345868
65988 146578        0.165898841
65988 29432       0.0532500694
65988 48582       0.0624136758
65988 480181        0.147089423
65988 12947       0.0801677276
65988 307871       0.0889912959
65988 93404       0.0333757201
65988 64647       0.0629439374
65988 43460        0.119639854
65988 179373       0.0259484218
65988 624672        0.084262995
65988 582568        0.106972127
65988 201428        0.117054647
65988 1839112        0.163991235
65988 725563        0.170870767
14856 52847        0.108414271
32472 13320       0.0376336996
32472 83388        0.119301347
32472 6089       0.0595917294
32472 968777         0.17269757
32472 74222        0.170998821
32472 40366       0.0995452407
32472 85193        0.100483671
32472 12454       0.0517400697
32472 13570       0.0602626842
32472 13421        0.086787229
32472 14267       0.0528756905
32472 10232       0.0339013755
32472 58383       0.0920443646
32472 93357        0.116989367
32472 15530        0.107787525
281425 32716        0.115739348
281425 47172        0.162611775
281425 31764        0.115882004
281425 4865       0.0932216858
281425 27679         0.10917462
281425 72911        0.153342802
281425 200679         0.18646942
281425 754833        0.131733171
281425 199228       0.0822370877
281425 321017        0.162462107
281425 553673        0.137746792
13421 13320       0.0559330934
13421 83388        0.177785477
13421 6089        0.143392341
13421 968777       0.0930904493
13421 74222        0.182384395
13421 40366        0.133122823
13421 85193       0.0508131468
13421 12454        0.113827446
13421 13570        0.130931994
13421 14267       0.0366661173
13421 32472        0.086787229
13421 10232        0.110563172
13421 58383       0.0986244457
13421 93357        0.170722806
13421 172037        0.149680295
17795 70404        0.171539224
17795 35030        0.181400795
17795 9332        0.170838613
17795 116881        0.154296461
17795 102347        0.172698651
39725 146578        0.133584705
39725 29432        0.176670468
39725 64647        0.143650604
39725 43460        0.135726186
39725 201428        0.123189283
39725 31960       0.0798779409
39725 46499        0.130623171
35463 83388       0.0729526201
35463 6089        0.151403641
35463 74222        0.105342066
35463 40366        0.110657778
35463 12454        0.141081041
35463 13570        0.132759869
35463 15530        0.183388825
35463 39215        0.160372291
169226 179840        0.185535776
169226 83174        0.165450018
169226 150698        0.186669289
169226 72238        0.128667838
40366 13320       0.0896200095
40366 83388        0.055358252
40366 6089        0.092379495
40366 74222       0.0735803447
40366 35463        0.110657778
40366 85193        0.100852622
40366 12454        0.052243892
40366 13570       0.0598898388
40366 13421        0.133122823
40366 14267        0.122585853
40366 32472       0.0995452407
40366 10232        0.127987866
40366 58383        0.188009076
40366 15530        0.152138617
40366 172037        0.136008986
33469 54157       0.0937804027
33469 11275        0.066056256
33469 21397        0.126009876
33469 32576       0.0930906067
33469 11863         0.13616822
33469 52867        0.178417912
108893 150698        0.167026074
4612 10294        0.126638144
4612 75271        0.177970337
4612 5428       0.0785897777
12454 13320       0.0589160792
12454 83388         0.06909285
12454 6089       0.0463530626
12454 74222        0.125814182
12454 35463        0.141081041
12454 40366        0.052243892
12454 85193        0.102530575
12454 13570       0.0186208533
12454 13421        0.113827446
12454 14267       0.0904319404
12454 32472       0.0517400697
12454 10232       0.0764645201
12454 58383        0.143641645
12454 93357        0.159776368
12454 15530        0.108948657
12454 172037        0.171385645
624672 29432        0.125833699
624672 48582        0.125569173
624672 480181        0.177628052
624672 12947        0.103198005
624672 307871        0.042892941
624672 93404       0.0589634398
624672 65988        0.084262995
624672 64647        0.137911807
624672 43460        0.180937709
624672 179373       0.0832134217
624672 582568       0.0848105775
624672 1839112        0.115212633
624672 725563       0.0870872546
624672 561776        0.142647238
31764 480181        0.167844553
31764 32716        0.118227216
31764 47172       0.0532021926
31764 1839112        0.159339469
31764 4865       0.0291465842
31764 27679       0.0210954232
31764 72911       0.0829833022
31764 200679       0.0706055142
31764 63566        0.114055475
31764 30173        0.155575553
31764 41126        0.167486689
31764 754833        0.169067096
31764 199228         0.16685354
31764 281425        0.115882004
150698 108893        0.167026074
150698 169226        0.186669289
150698 72238        0.171319906
150698 12323        0.171700576
109088 94896       0.0826416166
109088 52158        0.143158098
109088 83174        0.108442205
109088 12518         0.17627997
13808 102347       0.0889263775
10232 13320       0.0697106234
10232 83388        0.136928682
10232 6089       0.0613441713
10232 968777        0.187118158
10232 40366        0.127987866
10232 85193        0.132423474
10232 12454       0.0764645201
10232 13570        0.077790316
10232 13421        0.110563172
10232 14267       0.0739722547
10232 32472       0.0339013755
10232 58383       0.0807196757
10232 93357       0.0845017748
10232 15530       0.0886072265
10232 108797        0.171871359
39667 17521        0.181846927
39667 16968        0.176846234
39667 14140       0.0878064886
39667 18407        0.145805668
39667 42990        0.143817804
39667 6059        0.123641702
39667 108797        0.168293607
84351 28359         0.17905038
10257 41937        0.164120798
10257 30173        0.147694244
10257 30831       0.0494364798
10257 41126        0.157740015
146578 114849        0.110038547
146578 29432        0.186092445
146578 65988        0.165898841
146578 64647        0.105796892
146578 43460       0.0462951452
146578 179373        0.149087299
146578 582568        0.170717816
146578 201428        0.183706205
146578 39725        0.133584705
1219863 1839112        0.151599235
1219863 27679        0.183718902
1219863 72911        0.136971452
1219863 754833       0.0757542844
1219863 199228        0.146037217
1219863 321017       0.0977765635
1219863 419935         0.16400956
10294 39761        0.178660624
10294 7428       0.0807814187
10294 75271        0.177873014
10294 4612        0.126638144
10294 5428       0.0741685478
31960 39725       0.0798779409
31960 46499        0.124113188
179840 116427        0.166956603
179840 169226        0.185535776
13297 54157        0.179059602
13297 21397        0.183967227
13297 32576        0.182859956
13297 27949       0.0974770353
13297 11863       0.0934034458
13297 13484       0.0446689249
13297 321017        0.183276894
13297 52867        0.153115452
13297 553673        0.186124721
13297 419935        0.108706008
13297 388603       0.0830360364
13297 12625       0.0397069544
93404 29432       0.0668819733
93404 48582       0.0678232484
93404 480181        0.135758463
93404 12947       0.0613386388
93404 307871       0.0557533518
93404 65988       0.0333757201
93404 64647       0.0960639418
93404 43460        0.150888806
93404 179373       0.0491925695
93404 624672       0.0589634398
93404 582568        0.108446809
93404 201428        0.138331607
93404 1839112        0.131109645
93404 725563          0.1455987
15530 13320        0.143421097
15530 83388        0.125501367
15530 6089        0.062597117
15530 35463        0.183388825
15530 40366        0.152138617
15530 12454        0.108948657
15530 13570       0.0939730053
15530 14267        0.159092806
15530 32472        0.107787525
15530 10232       0.0886072265
15530 58383        0.161809824
15530 93357        0.115641929
15530 30102        0.187875537
15530 108797        0.114481667
15530 39215        0.131689494
57242 116427         0.15566243
57242 39761       0.0851361317
52867 54157       0.0854160747
52867 33469        0.178417912
52867 11863         0.11949944
52867 13484        0.128075605
52867 13297        0.153115452
52867 553673        0.141937138
52867 388603        0.109274917
52867 12625        0.149576971
200679 48582        0.182121625
200679 480181       0.0981565547
200679 12947        0.146600388
200679 307871        0.182686748
200679 32716        0.167056587
200679 47172       0.0386244371
200679 31764       0.0706055142
200679 1839112        0.137604124
200679 4865       0.0964588208
200679 27679       0.0808834639
200679 72911       0.0979342611
200679 63566        0.071978083
200679 30173        0.122805175
200679 41126        0.182827997
200679 281425         0.18646942
94896 85193        0.182299877
94896 23192        0.147642991
94896 172037        0.117862718
94896 109088       0.0826416166
94896 52158       0.0612391461
94896 83174        0.177247548
94896 12518        0.135231899
64647 114849        0.142881175
64647 146578        0.105796892
64647 29432       0.0826625384
64647 48582       0.0990631953
64647 12947        0.136093806
64647 307871        0.151002531
64647 93404       0.0960639418
64647 65988       0.0629439374
64647 43460       0.0607436154
64647 179373       0.0547003214
64647 624672        0.137911807
64647 582568        0.121849049
64647 201428        0.107170979
64647 39725        0.143650604
172037 13320        0.157700673
172037 83388        0.187700214
172037 74222        0.109653457
172037 40366        0.136008986
172037 85193        0.101672851
172037 12454        0.171385645
172037 13570        0.187076237
172037 13421        0.149680295
172037 14267        0.172271593
172037 23192        0.181760833
172037 94896        0.117862718
172037 52158       0.0921567733
172037 284436        0.140568774
321017 72911        0.185003852
321017 754833        0.055203106
321017 13484        0.161074092
321017 199228       0.0825970427
321017 13297        0.183276894
321017 1219863       0.0977765635
321017 281425        0.162462107
321017 553673         0.16862827
321017 419935       0.0846823861
321017 388603        0.157407566
58383 13320        0.101766523
58383 6089        0.141465308
58383 968777        0.133686598
58383 40366        0.188009076
58383 85193        0.144570509
58383 12454        0.143641645
58383 13570        0.151544593
58383 13421       0.0986244457
58383 14267       0.0754445709
58383 32472       0.0920443646
58383 10232       0.0807196757
58383 93357       0.0850267201
58383 15530        0.161809824
58383 211719        0.162347654
52847 14856        0.108414271
52847 70404        0.147753879
93357 13320        0.147807647
93357 6089        0.131870031
93357 12454        0.159776368
93357 13570        0.157550754
93357 13421        0.170722806
93357 14267         0.13739771
93357 32472        0.116989367
93357 10232       0.0845017748
93357 58383       0.0850267201
93357 15530        0.115641929
93357 6059        0.122253344
93357 108797        0.129415062
72807 70404        0.173350878
72807 12323         0.13297672
54157 33469       0.0937804027
54157 11275        0.158145965
54157 21397        0.169611284
54157 32576        0.138951537
54157 11863       0.0997943163
54157 13484         0.17460834
54157 52867       0.0854160747
54157 13297        0.179059602
54157 388603        0.172683344
54157 12625        0.155899376
47172 480181        0.122062846
47172 12947        0.152731896
47172 307871        0.173489518
47172 32716        0.167976857
47172 31764       0.0532021926
47172 1839112        0.114375836
47172 4865       0.0823487251
47172 27679        0.053446451
47172 72911       0.0599540593
47172 200679       0.0386244371
47172 63566        0.108084301
47172 30173        0.157914971
47172 754833        0.181331836
47172 281425        0.162611775
199228 31764         0.16685354
199228 4865        0.154847249
199228 27679        0.151198264
199228 72911        0.162816719
199228 754833       0.0703464365
199228 13484        0.181230139
199228 321017       0.0825970427
199228 1219863        0.146037217
199228 281425       0.0822370877
199228 553673        0.117205186
199228 419935        0.147904351
199228 388603        0.159443151
23192 172037        0.181760833
23192 94896        0.147642991
23192 52158          0.1035771
23192 284436        0.133069819
23192 936758        0.103834693
23192 454124        0.118933052
23192 561776        0.130384322
23192 12518        0.069402999
582568 114849        0.107473757
582568 146578        0.170717816
582568 29432        0.160199002
582568 48582        0.168516203
582568 12947        0.169084144
582568 307871         0.12603896
582568 93404        0.108446809
582568 65988        0.106972127
582568 64647        0.121849049
582568 43460        0.135482452
582568 179373       0.0848925693
582568 624672       0.0848105775
582568 454124        0.169124819
582568 725563        0.124624135
582568 561776        0.102147592
968777 13320        0.147873091
968777 85193        0.127856317
968777 13421       0.0930904493
968777 14267         0.12011439
968777 32472         0.17269757
968777 10232        0.187118158
968777 58383        0.133686598
968777 211719        0.154274859
114849 146578        0.110038547
114849 65988        0.173345868
114849 64647        0.142881175
114849 43460        0.106063051
114849 179373         0.14771964
114849 582568        0.107473757
114849 454124        0.131787412
114849 561776        0.163595956
114849 53623        0.172288978
6089 13320       0.0883946558
6089 83388       0.0811280745
6089 74222        0.163999588
6089 35463        0.151403641
6089 40366        0.092379495
6089 85193         0.14384232
6089 12454       0.0463530626
6089 13570       0.0325695474
6089 13421        0.143392341
6089 14267        0.111874746
6089 32472       0.0595917294
6089 10232       0.0613441713
6089 58383        0.141465308
6089 93357        0.131870031
6089 15530        0.062597117
6089 108797        0.174325392
6089 39215        0.163099245
83388 13320        0.125952404
83388 6089       0.0811280745
83388 74222        0.100601186
83388 35463       0.0729526201
83388 40366        0.055358252
83388 85193        0.153279314
83388 12454         0.06909285
83388 13570       0.0598128793
83388 13421        0.177785477
83388 14267         0.15865368
83388 32472        0.119301347
83388 10232        0.136928682
83388 15530        0.125501367
83388 39215        0.157184965
83388 172037        0.187700214
32716 47172        0.167976857
32716 31764        0.118227216
32716 4865       0.0926507165
32716 27679        0.131652249
32716 200679        0.167056587
32716 63566        0.157114099
32716 30173        0.164403841
32716 41126       0.0908084025
32716 281425        0.115739348
13484 54157         0.17460834
13484 27949        0.139932515
13484 11863        0.110273848
13484 199228        0.181230139
13484 321017        0.161074092
13484 52867        0.128075605
13484 13297       0.0446689249
13484 553673         0.14145714
13484 419935         0.10263582
13484 388603       0.0387335601
13484 12625       0.0752391014
13320 83388        0.125952404
13320 6089       0.0883946558
13320 968777        0.147873091
13320 74222        0.153288705
13320 40366       0.0896200095
13320 85193       0.0629537934
13320 12454       0.0589160792
13320 13570        0.075285616
13320 13421       0.0559330934
13320 14267       0.0333394221
13320 32472       0.0376336996
13320 10232       0.0697106234
13320 58383        0.101766523
13320 93357        0.147807647
13320 15530        0.143421097
13320 172037        0.157700673
17521 39667        0.181846927
17521 28973         0.17739145
17521 16968        0.128979831
17521 14140        0.186946496
754833 47172        0.181331836
754833 31764        0.169067096
754833 1839112        0.183608582
754833 4865        0.169134462
754833 27679        0.148838478
754833 72911         0.13001702
754833 199228       0.0703464365
754833 321017        0.055203106
754833 1219863       0.0757542844
754833 281425        0.131733171
754833 553673        0.183503229
754833 419935        0.139871851
53623 114849        0.172288978
53623 454124        0.129409818
53623 12518        0.171104036
53623 35030        0.127349949
53623 9332        0.164860113
